pose_follower_to_master = [0.684288043, -0.398951501, 0.004334566, -0.035435978, -0.002129936, 3.13116691]

master_tcp_pose = [391.1, -195.9, 375.3, 52.16, -142.06, 146.58]  # rotation in degrees


aM=0.07
aP=0.0425
pM = 0
pP = 0
wM=2*3.1416/30 
wP=2*3.1416/5 