pose_follower_to_master = [0.6816794, -0.4011288,  0.000, 0.0, 0.0,  3.1410]

master_tcp_pose = [393.2, -129.5, 278.8, 54.96, -139.29, 149.60]  # rotation in degrees


aM=0.07
aP=0.0425
pM = 0
pP = 0
wM=2*3.1416/30 
wP=2*3.1416/5 