pose_follower_to_master = [0.6816794, -0.3941288,  0.002, 0.0, 0.0,  3.1410]

master_tcp_pose = [385.86, -59.3, 377.83, 82.391331 , -145.13021, 144.55725 ] # rotation in degrees


aM=0.07
aP=0.0425
pM = 0
pP = 0
wM=2*3.1416/60 
wP=2*3.1416/10 